# capture | original lin.max(ang/3) m/s | replay on old rapier 8f2af05 (self-check) | dev | replay on fixed rapier 5ec3305
w0-r0-e1-t485294.bin 55.8 55.80 0.000 3.37
w12-r0-e0-t516391.bin 44.0 44.00 0.000 4.79
w12-r0-e1-t244010.bin 32.8 4.08 106.976 4.01  (not reproducing on the old plant: not committed)
w12-r0-e1-t247089.bin 65.6 65.56 0.000 6.15
w12-r0-e1-t510310.bin 64.6 64.55 0.000 4.29
w12-r0-e1-t98923.bin 44.8 44.82 0.000 5.73
w16-r0-e0-t402777.bin 31.3 31.25 0.000 3.27
w16-r0-e0-t705396.bin 52.2 52.25 0.000 3.72
w20-r0-e1-t123851.bin 64.1 64.11 0.000 5.10
w24-r0-e0-t511574.bin 41.2 41.24 0.000 6.46
w24-r0-e1-t77502.bin 92.1 92.09 0.000 5.02
w28-r0-e0-t173628.bin 48.4 48.45 0.000 5.28
w28-r0-e0-t25824.bin 49.2 49.20 0.000 4.69
w32-r0-e1-t106728.bin 31.1 31.05 0.000 4.05
w32-r0-e1-t57112.bin 30.8 30.82 0.000 7.91
w4-r0-e0-t151098.bin 35.8 35.84 0.000 7.11
w4-r0-e0-t726731.bin 53.7 53.68 0.000 3.95
w4-r0-e1-t135699.bin 33.2 33.15 0.000 4.12
w4-r0-e1-t348158.bin 37.8 37.76 0.000 6.83
w4-r0-e1-t699841.bin 36.3 36.29 0.000 6.43
w4-r0-e1-t715790.bin 42.1 42.10 0.000 3.43
w8-r0-e0-t94811.bin 32.4 32.36 0.000 4.33
w8-r0-e1-t78640.bin 32.8 32.78 0.000 5.99
w8-r0-e1-t83259.bin 39.3 39.30 0.000 1.65
w13-r0-e0-t212240.bin 34.1 34.13 0.000 3.71
w13-r0-e0-t602539.bin 34.6 34.56 0.000 5.26
w13-r0-e1-t16863.bin 44.1 44.11 0.000 3.98
w13-r0-e1-t580382.bin 57.1 57.05 0.000 2.54
w17-r0-e0-t226728.bin 51.1 51.05 0.000 6.90
w17-r0-e0-t226729.bin 81.8 81.83 0.000 7.24
w17-r0-e0-t331934.bin 40.4 40.38 0.000 4.93
w17-r0-e0-t522695.bin 31.4 31.42 0.000 2.75
w17-r0-e1-t165232.bin 68.8 68.81 0.000 5.58
w17-r0-e1-t191304.bin 31.6 31.59 0.000 5.53
w17-r0-e1-t526312.bin 30.9 30.88 0.000 3.29
w17-r0-e1-t720573.bin 38.3 38.30 0.000 3.60
w1-r0-e1-t476412.bin 36.1 36.08 0.000 6.27
w21-r0-e0-t56344.bin 33.0 33.02 0.000 5.09
w21-r0-e0-t601888.bin 35.5 35.51 0.000 2.75
w21-r0-e0-t729750.bin 53.0 2.43 159.184 2.47  (not reproducing on the old plant: not committed)
w25-r0-e0-t325188.bin 37.0 37.04 0.000 6.22
w25-r0-e0-t757838.bin 43.1 43.12 0.000 7.77
w29-r0-e0-t241838.bin 31.2 31.22 0.000 3.82
w29-r0-e1-t610402.bin 34.5 34.52 0.000 4.43
w33-r0-e0-t186684.bin 31.3 31.27 0.000 4.78
w33-r0-e0-t246676.bin 32.8 32.82 0.000 3.50
w33-r0-e0-t566175.bin 33.8 33.79 0.000 2.83
w33-r0-e1-t290782.bin 54.6 54.58 0.000 2.93
w5-r0-e0-t276942.bin 32.0 32.02 0.000 2.66
w5-r0-e0-t416193.bin 47.8 47.83 0.000 3.50
w5-r0-e1-t72288.bin 39.0 39.00 0.000 5.39
w9-r0-e0-t38375.bin 30.4 30.44 0.000 3.35
w9-r0-e1-t285155.bin 37.9 37.87 0.000 6.52
w9-r0-e1-t452748.bin 32.7 32.74 0.000 5.44
w9-r0-e1-t766730.bin 42.6 42.60 0.000 5.20
w10-r0-e1-t161641.bin 53.3 53.26 0.000 7.33
w10-r0-e1-t274006.bin 45.7 45.69 0.000 7.61
w10-r0-e1-t313800.bin 36.5 36.52 0.000 4.21
w10-r0-e1-t527275.bin 39.5 39.46 0.000 5.55
w14-r0-e0-t206820.bin 34.5 34.47 0.000 4.36
w14-r0-e0-t258358.bin 48.1 48.05 0.000 3.82
w14-r0-e0-t301541.bin 46.9 46.87 0.000 3.27
w14-r0-e0-t320304.bin 60.5 60.51 0.000 7.50
w14-r0-e0-t659612.bin 41.3 41.29 0.000 3.00
w14-r0-e1-t351614.bin 59.2 59.17 0.000 4.17
w14-r0-e1-t373078.bin 45.2 45.21 0.000 4.23
w14-r0-e1-t711503.bin 34.6 34.61 0.000 4.93
w18-r0-e1-t217784.bin 93.4 93.39 0.000 5.31
w18-r0-e1-t325355.bin 37.0 36.99 0.000 4.07
w18-r0-e1-t483363.bin 46.5 46.53 0.000 2.58
w18-r0-e1-t610020.bin 47.0 46.97 0.000 5.62
w18-r0-e1-t747429.bin 30.7 30.66 0.000 3.90
w22-r0-e1-t265955.bin 42.9 42.90 0.000 7.45
w22-r0-e1-t317686.bin 34.4 34.40 0.000 4.11
w22-r0-e1-t99559.bin 67.5 67.49 0.000 5.82
w26-r0-e1-t665040.bin 41.4 41.41 0.000 4.01
w2-r0-e0-t219299.bin 64.2 64.16 0.000 5.00
w2-r0-e0-t430516.bin 56.1 8.71 142.308 4.57  (not reproducing on the old plant: not committed)
w2-r0-e0-t487668.bin 31.8 31.80 0.000 3.55
w2-r0-e0-t64314.bin 57.1 57.06 0.000 4.75
w2-r0-e1-t193132.bin 35.9 35.88 0.000 4.00
w2-r0-e1-t239590.bin 35.6 35.64 0.000 5.19
w2-r0-e1-t775836.bin 37.6 37.63 0.000 2.37
w30-r0-e0-t386107.bin 39.4 39.43 0.000 3.90
w30-r0-e0-t401464.bin 39.6 39.62 0.000 6.08
w30-r0-e0-t642187.bin 30.1 30.05 0.000 4.12
w30-r0-e0-t760508.bin 33.3 33.28 0.000 1.98
w30-r0-e1-t663361.bin 37.6 37.63 0.000 4.13
w6-r0-e0-t145091.bin 89.6 89.55 0.000 4.07
w6-r0-e0-t498314.bin 41.6 41.59 0.000 4.27
w6-r0-e1-t235196.bin 55.3 55.30 0.000 4.08
w6-r0-e1-t294663.bin 45.8 45.81 0.000 4.16
w11-r0-e0-t164248.bin 39.5 39.47 0.000 7.33
w11-r0-e1-t397682.bin 36.3 36.32 0.000 4.03
w11-r0-e1-t459464.bin 30.7 30.74 0.000 1.80
w11-r0-e1-t89325.bin 30.8 30.82 0.000 3.07
w15-r0-e0-t12484.bin 34.7 34.66 0.000 4.96
w15-r0-e1-t471642.bin 63.0 63.01 0.000 5.72
w19-r0-e0-t210663.bin 40.3 40.26 0.000 4.91
w19-r0-e0-t78250.bin 60.3 60.29 0.000 3.95
w19-r0-e1-t175509.bin 40.8 40.80 0.000 4.05
w23-r0-e0-t395757.bin 55.1 55.09 0.000 5.67
w23-r0-e0-t517572.bin 35.3 35.33 0.000 3.29
w23-r0-e0-t677981.bin 42.1 42.12 0.000 6.13
w23-r0-e1-t384426.bin 39.0 39.00 0.000 4.47
w23-r0-e1-t38502.bin 51.9 51.85 0.000 3.61
w23-r0-e1-t445840.bin 34.8 34.78 0.000 4.85
w23-r0-e1-t54387.bin 30.2 30.22 0.000 5.69
w27-r0-e0-t343937.bin 55.1 55.09 0.000 6.12
w27-r0-e0-t476221.bin 44.5 44.46 0.000 3.52
w27-r0-e1-t51830.bin 38.4 38.36 0.000 4.09
w27-r0-e1-t568222.bin 44.2 2.87 136.454 2.85  (not reproducing on the old plant: not committed)
w31-r0-e0-t182852.bin 45.2 45.17 0.000 5.32
w31-r0-e0-t469986.bin 42.8 42.77 0.000 6.68
w31-r0-e0-t615842.bin 36.9 36.87 0.000 5.56
w31-r0-e1-t313596.bin 67.8 67.78 0.000 3.36
w3-r0-e1-t223338.bin 43.1 43.08 0.000 4.31
w3-r0-e1-t3353.bin 60.9 60.88 0.000 5.00
w3-r0-e1-t342379.bin 42.0 41.97 0.000 4.75
w3-r0-e1-t585866.bin 61.8 61.80 0.000 5.24
w7-r0-e0-t260537.bin 32.2 32.17 0.000 5.88
w7-r0-e1-t124034.bin 68.0 68.01 0.000 4.32
w7-r0-e1-t404802.bin 52.7 52.73 0.000 4.46
